iterations <- 25000
iterations <- 10000
