iterations <- 100
iterations <- 25000
